      1     -10.90043      -5.05402       1.06630
      2     -12.66976     -10.22055       1.06630
      3     -15.58960      -8.04242       1.06630
      4     -14.50558      -0.89416       1.06630
      5     -13.71164      -2.85665       1.06630
      6      -9.60890      -3.41221       1.06630
      7     -11.17963       0.43202       1.06630
      8     -17.07681      -4.14728       1.06630
      9     -14.76262      -9.95396       1.06630
     10     -14.24564      -6.39119       1.06630
     11     -17.51821       1.33424       1.06630
     12     -14.34507       8.13826       1.06630
     13     -16.89603       4.85677       1.06630
     14     -15.08709      10.08187       1.06630
     15     -15.76840      -2.52677       1.06630
     16     -11.47341       5.89554       1.06630
     17     -11.25858      14.93630       1.06630
     18     -13.83042      11.72195       1.06630
     19     -11.90919     -12.16547       1.06630
     20      -7.54835      -3.70489       1.06630
     21     -11.13567     -14.08902       1.06630
     22      -8.82074      -5.31246       1.06630
     23      -8.33129      -1.77685       1.06630
     24     -16.29380      -6.08972       1.06630
     25     -15.02372      -4.45265       1.06630
     26     -11.95610       2.35054       1.06630
     27     -15.32577       1.04089       1.06630
     28      -8.13485       7.22864       1.06630
     29      -9.41773       5.58908       1.06630
     30      -9.68260      11.09637       1.06630
     31     -15.60074       6.50422       1.06630
     32     -11.65639      -3.14403       1.06630
     33     -13.54402       6.17011       1.06630
     34     -12.26877       7.80670       1.06630
     35     -16.56461      -0.61755       1.06630
     36      -6.61585      17.91698       1.06630
     37      -7.25712      -9.22911       1.06630
     38      -9.81173     -12.49139       1.06630
     39      -8.34977     -16.35754       1.06630
     40     -13.49237      -8.31301       1.06630
     41     -10.62051     -10.52490       1.06630
     42     -12.74181       4.25924       1.06630
     43      -6.76407      -5.63885       1.06630
     44     -12.94991      -4.77181       1.06630
     45      -9.11916       0.14054       1.06630
     46     -10.39847      -1.50119       1.06630
     47      -3.97590       6.65109       1.06630
     48     -11.79734      11.41594       1.06630
     49     -10.46545      13.01993       1.06630
     50     -14.04760       2.66390       1.06630
     51     -10.17905       7.49672       1.06630
     52      -4.28810      12.08966       1.06630
     53      -3.37096      19.29925       1.06630
     54     -10.04604      16.60601       1.06630
     55      -3.35517     -18.82579       1.06630
     56     -12.20444      -6.68891       1.06630
     57     -11.39786      -8.58374       1.06630
     58      -4.92915     -15.00635       1.06630
     59      -9.89507       2.05508       1.06630
     60      -6.00436      -7.56405       1.06630
     61     -12.46280      -1.18509       1.06630
     62      -3.14165      -9.75252       1.06630
     63      -7.79900       1.78310       1.06630
     64      -5.74778       1.47365       1.06630
     65      -8.62806       3.68212       1.06630
     66     -14.83701       4.56927       1.06630
     67      -3.69446       1.15590       1.06630
     68      -8.90283       9.18465       1.06630
     69     -16.12309       2.94832       1.06630
     70      -8.40164      12.72667       1.06630
     71     -10.95433       9.45463       1.06630
     72       1.61595      16.78510       1.06630
     73     -13.95903     -11.89738       1.06630
     74     -13.19601     -13.83718       1.06630
     75      -4.72180      -5.91774       1.06630
     76       1.18646      -1.33848       1.06630
     77      -8.54553     -10.86954       1.06630
     78      -9.34521      -8.89823       1.06630
     79      -1.36178      -4.59316       1.06630
     80      -4.74606       8.57090       1.06630
     81      -8.07771      -7.27685       1.06630
     82     -13.24454       0.74228       1.06630
     83      -4.99254      -0.44989       1.06630
     84      -6.01707       6.94987       1.06630
     85      -5.57452      10.45737       1.06630
     86      -9.19508      14.67054       1.06630
     87     -10.68567       3.96861       1.06630
     88      -7.12862      14.34188       1.06630
     89       1.13137      13.17243       1.06630
     90      -7.89490      16.27813       1.06630
     91       4.13943     -18.01859       1.06630
     92       2.06928     -17.73842       1.06630
     93      -2.85747     -15.25719       1.06630
     94      -7.76593     -12.78722       1.06630
     95      -3.96595      -7.85214       1.06630
     96       0.68160      -4.88447       1.06630
     97     -17.97055      -2.13145       1.06630
     98      -6.24790      -2.08084       1.06630
     99      -5.26531       5.03313       1.06630
    100      -4.19549      -2.37846       1.06630
    101      -0.09186      -2.97168       1.06630
    102     -13.01086       9.75575       1.06630
    103      -0.92553      13.48144       1.06630
    104      -0.65702       7.98659       1.06630
    105     -12.54935      13.33692       1.06630
    106      -4.57418      17.60552       1.06630
    107      -5.86103      15.95715       1.06630
    108      -2.52852      17.33018       1.06630
    109      -0.81595     -15.55603       1.06630
    110      -9.03516     -14.41825       1.06630
    111      -5.71766     -13.07584       1.06630
    112      -5.21660      -9.50092       1.06630
    113       2.72426      -5.15810       1.06630
    114      -2.65711      -6.22229       1.06630
    115     -10.12612      -6.96813       1.06630
    116      -2.92088      -0.75361       1.06630
    117      -0.85460      -1.05426       1.06630
    118      -5.47963      -3.99438       1.06630
    119      -6.86203       8.84456       1.06630
    120      -7.61887      10.79681       1.06630
    121       0.33189      15.14452       1.06630
    122      -2.45383       2.79073       1.06630
    123      -0.16245      11.54323       1.06630
    124      -5.02025      14.02869       1.06630
    125      -3.75361      15.66813       1.06630
    126      -0.49507      17.05140       1.06630
    127      -1.10114     -10.05323       1.06630
    128      -6.97088     -14.71046       1.06630
    129      -3.65869     -13.35717       1.06630
    130      -6.48648     -11.13968       1.06630
    131      -0.60460      -6.51550       1.06630
    132       0.47568     -13.90691       1.06630
    133       1.44061      -6.79600       1.06630
    134       5.27771      -1.90935       1.06630
    135       6.84801      -5.74913       1.06630
    136       3.23797      -1.63009       1.06630
    137      -2.14077      -2.66545       1.06630
    138      -4.48994       3.11303       1.06630
    139      -3.47139      10.20623       1.06630
    140      -2.69740       8.28577       1.06630
    141      -6.34233      12.42026       1.06630
    142      -2.20423      11.84449       1.06630
    143      -2.98297      13.75393       1.06630
    144       5.21766      12.64923       1.06630
    145       3.32146     -16.10966       1.06630
    146      -1.86689      -8.13614       1.06630
    147       3.82206     -12.55073       1.06630
    148      -4.43043     -11.41684       1.06630
    149       7.34259      -2.18703       1.06630
    150      -3.44580      -4.29334       1.06630
    151       0.18387      -8.42788       1.06630
    152       4.81279      -5.44383       1.06630
    153       1.67237       2.21520       1.06630
    154       0.40536       0.60086       1.06630
    155      -6.52657       3.40018       1.06630
    156      -7.30071       5.32738       1.06630
    157       0.09949       6.06658       1.06630
    158      -1.71118      15.38703       1.06630
    159       9.32806      12.06457       1.06630
    160       1.88213      11.26296       1.06630
    161      -1.43171       9.92069       1.06630
    162      -1.25735      18.99993       1.06630
    163      -2.06175     -17.23745       1.06630
    164      -6.31449     -16.71057       1.06630
    165       2.55199     -14.17874       1.06630
    166       5.07037     -10.90851       1.06630
    167       3.02033     -10.64413       1.06630
    168      -1.59090     -13.62159       1.06630
    169       7.05809       3.30210       1.06630
    170       2.22837      -8.73641       1.06630
    171      11.13634       2.73454       1.06630
    172       4.51755       0.01026       1.06630
    173      -7.03314      -0.16896       1.06630
    174       2.47928       0.28869       1.06630
    175      -1.93812       6.35820       1.06630
    176       6.75434       8.78109       1.06630
    177       0.88995       4.15790       1.06630
    178       0.61858       9.63072       1.06630
    179       4.47350      14.55616       1.06630
    180       2.95823      18.44894       1.06630
    181       6.35555      -9.28761       1.06630
    182       0.01086     -17.45374       1.06630
    183      -4.15804     -16.92403       1.06630
    184      -0.34626     -11.97333       1.06630
    185       4.29236      -8.99990       1.06630
    186       5.40442     -16.38174       1.06630
    187       5.56244      -7.36556       1.06630
    188       9.09647       3.02047       1.06630
    189       4.00973      -3.53991       1.06630
    190      -3.19915       4.71687       1.06630
    191       1.40627       7.68727       1.06630
    192       2.95819       3.86353       1.06630
    193       4.23215       5.51056       1.06630
    194       2.67029       9.34810       1.06630
    195       7.55703       6.83898       1.06630
    196       3.93379      10.98894       1.06630
    197       7.84444      15.90155       1.06630
    198       5.14689      18.17356       1.06630
    199       0.94337     -10.35190       1.06630
    200       1.26394     -15.81468       1.06630
    201       4.60922     -14.47144       1.06630
    202      13.36052     -12.09000       1.06630
    203       8.40928      -9.56341       1.06630
    204       8.12467      -4.10038       1.06630
    205       7.16620     -11.19756       1.06630
    206       5.00463       3.57026       1.06630
    207       1.95917      -3.24597       1.06630
    208      10.66774      -0.81985       1.06630
    209       8.60791      -0.52621       1.06630
    210       7.84880       1.37607       1.06630
    211      -1.66015       0.86665       1.06630
    212      10.88210       8.25978       1.06630
    213       2.18377       5.77866       1.06630
    214      -0.40573       2.51723       1.06630
    215       8.03981      10.43859       1.06630
    216       5.73603      16.18999       1.06630
    217       7.47008     -16.65490       1.06630
    218       2.52267     -19.75754       1.06630
    219      10.93169     -15.42659       1.06630
    220       7.64619      -7.65282       1.06630
    221       1.72985     -12.27085       1.06630
    222      10.94312      -6.29525       1.06630
    223       5.79393       1.62534       1.06630
    224       6.56173      -0.28073       1.06630
    225       3.46063       7.43817       1.06630
    226       8.34415       4.93261       1.06630
    227      -1.15317       4.44603       1.06630
    228      11.68091       6.34436       1.06630
    229      12.46117       4.36659       1.06630
    230       7.27694      12.35003       1.06630
    231       4.70842       9.07375       1.06630
    232       0.81663      18.69680       1.06630
    233       3.66173      16.49067       1.06630
    234       5.50947       7.14313       1.06630
    235       9.20804     -11.47165       1.06630
    236      -2.39887     -11.71511       1.06630
    237      10.47364      -9.85094       1.06630
    238       7.92910     -13.10878       1.06630
    239       8.76687     -15.05807       1.06630
    240       6.27507       5.20432       1.06630
    241       3.71485       1.94293       1.06630
    242       3.50673      -7.07901       1.06630
    243      17.36705       1.88000       1.06630
    244      12.72433      -1.10469       1.06630
    245      15.00617       7.72964       1.06630
    246      14.27421       9.67211       1.06630
    247      17.86089       5.52268       1.06630
    248       3.17721      12.93976       1.06630
    249      10.09582      10.16053       1.06630
    250      13.73761       6.02311       1.06630
    251      18.13839      -0.02804       1.06630
    252       2.37031      14.84145       1.06630
    253       5.87928     -12.79717       1.06630
    254       6.67768     -14.74177       1.06630
    255      15.57699      -3.28870       1.06630
    256      12.55653     -10.16061       1.06630
    257       9.67980      -7.92202       1.06630
    258       8.90317      -6.01349       1.06630
    259      15.25978       2.16370       1.06630
    260      13.03822      -6.55921       1.06630
    261      15.08043      -6.87090       1.06630
    262      12.93793       7.98492       1.06630
    263      11.44990      -2.74546       1.06630
    264       9.89410       1.09141       1.06630
    265      12.17933       9.89818       1.06630
    266      15.82498       5.82653       1.06630
    267      11.48962      11.86157       1.06630
    268       8.58786      13.98742       1.06630
    269       6.00153      10.72519       1.06630
    270       6.53374      14.27165       1.06630
    271      -1.20416     -19.12632       1.06630
    272       6.07007      -3.81455       1.06630
    273       9.99747     -13.41422       1.06630
    274      11.25780     -11.77273       1.06630
    275      14.01262       0.53210       1.06630
    276      13.48908      -3.01058       1.06630
    277      14.50049       4.10206       1.06630
    278      11.93977       0.79352       1.06630
    279      10.17434      -4.36754       1.06630
    280      14.29314      -4.91321       1.06630
    281       9.62116       6.57100       1.06630
    282      14.79184      -1.38915       1.06630
    283      16.54450       3.86883       1.06630
    284      10.41101       4.66485       1.06630
    285      13.20688       2.44944       1.06630
    286      13.57740      11.63028       1.06630
    287       8.82594       8.51800       1.06630
    288      10.64901      13.76046       1.06630
    289      12.03506     -13.67926       1.06630
    290      14.60789     -10.45714       1.06630
    291      16.38976      -5.27381       1.06630
    292      11.73438      -8.21528       1.06630
    293      16.85681      -1.65413       1.06630
    294      15.85880      -8.79905       1.06630
    295      13.81631      -8.51220       1.06630
    296      19.40706       1.61841       1.06630
    297      12.23201      -4.66462       1.06630
    298      16.06951       0.26392       1.06630
    299       9.38501      -2.44298       1.06630
    300      17.62552      -3.57635       1.06630