      1     -12.21904      -6.06118       1.06630
      2     -12.41349     -11.54038       1.06630
      3     -15.05707      -8.33457       1.06630
      4     -15.34442       0.80636       1.06630
      5     -14.83753      -2.82594       1.06630
      6     -11.47225      -4.13490       1.06630
      7     -11.99786      -0.53694       1.06630
      8     -16.87400      -3.16083       1.06630
      9     -14.49128     -11.90338       1.06630
     10     -16.31733      -6.69910       1.06630
     11     -18.76981       2.11309       1.06630
     12     -15.13175       6.27425       1.06630
     13     -17.97135       4.06303       1.06630
     14     -14.32482       8.25938       1.06630
     15     -16.13150      -1.20485       1.06630
     16     -11.00686       6.89649       1.06630
     17      -9.98864      14.29045       1.06630
     18     -13.53407      10.19162       1.06630
     19     -11.10771     -13.17734       1.06630
     20      -9.42689      -3.82489       1.06630
     21      -9.83227     -14.80146       1.06630
     22     -10.15353      -5.75835       1.06630
     23      -8.68006      -1.90155       1.06630
     24     -17.68240      -5.10793       1.06630
     25     -15.58861      -4.77337       1.06630
     26     -11.22982       1.40265       1.06630
     27     -17.47734       0.48732       1.06630
     28      -7.64709       5.53607       1.06630
     29      -9.73395       5.25913       1.06630
     30      -8.17932       9.11249       1.06630
     31     -17.16979       5.99415       1.06630
     32     -13.53537      -4.45909       1.06630
     33     -13.83483       4.67473       1.06630
     34     -13.06754       6.61372       1.06630
     35     -18.17025      -1.50403       1.06630
     36      -7.21510      16.52622       1.06630
     37      -7.55641      -8.98208       1.06630
     38      -9.06074     -12.85301       1.06630
     39      -8.55920     -16.42699       1.06630
     40     -13.68594      -9.91958       1.06630
     41     -10.36087     -11.23491       1.06630
     42     -12.51347       3.00975       1.06630
     43      -8.09749      -5.44214       1.06630
     44     -14.26390      -6.42643       1.06630
     45     -10.73018      -2.19348       1.06630
     46     -12.80407      -2.48001       1.06630
     47      -4.33233       4.23373       1.06630
     48     -10.22140       8.80591       1.06630
     49     -10.72737      12.35798       1.06630
     50     -14.58698       2.72196       1.06630
     51      -8.95935       7.18809       1.06630
     52      -3.27850      11.63458       1.06630
     53      -4.42632      18.74005       1.06630
     54      -9.30695      16.24914       1.06630
     55      -1.83761     -19.09777       1.06630
     56     -12.92463      -7.99417       1.06630
     57     -11.64818      -9.60769       1.06630
     58      -4.42445     -15.80171       1.06630
     59      -9.18923       1.68611       1.06630
     60      -6.81417      -7.06912       1.06630
     61     -14.07676      -0.83464       1.06630
     62      -2.13363      -9.98505       1.06630
     63      -9.94889      -0.23303       1.06630
     64      -5.88109       0.34285       1.06630
     65     -10.46463       3.31462       1.06630
     66     -15.86700       4.34350       1.06630
     67      -3.82155       0.66393       1.06630
     68      -6.89997       7.48924       1.06630
     69     -16.66630       2.39497       1.06630
     70      -9.44456      10.72963       1.06630
     71     -12.26985       8.52730       1.06630
     72       1.06635      17.73573       1.06630
     73     -13.15326     -13.53801       1.06630
     74     -11.87586     -15.15757       1.06630
     75      -4.75746      -6.76463       1.06630
     76       0.83106      -2.32192       1.06630
     77      -8.31271     -10.93260       1.06630
     78      -9.59933      -9.30967       1.06630
     79      -4.00033      -4.83655       1.06630
     80      -4.86305       7.76276       1.06630
     81      -8.84732      -7.38271       1.06630
     82     -13.27464       1.08041       1.06630
     83      -4.57890      -1.28683       1.06630
     84      -5.60795       5.85157       1.06630
     85      -4.05519       9.71915       1.06630
     86      -8.67873      12.64569       1.06630
     87     -11.79335       4.96100       1.06630
     88      -6.63938      12.95451       1.06630
     89       1.57646      14.17070       1.06630
     90      -7.93679      14.59076       1.06630
     91       4.52980     -16.20036       1.06630
     92       2.60355     -15.47964       1.06630
     93      -2.36911     -15.49857       1.06630
     94      -7.01459     -12.53338       1.06630
     95      -5.51257      -8.68334       1.06630
     96       0.07303      -4.23442       1.06630
     97     -19.60225       0.20904       1.06630
     98      -6.60411      -1.59017       1.06630
     99      -6.36395       3.93126       1.06630
    100      -5.30781      -3.20654       1.06630
    101      -1.20754      -2.60477       1.06630
    102     -11.48411      10.44064       1.06630
    103      -0.46133      13.85448       1.06630
    104      -0.73016       8.34786       1.06630
    105     -12.78097      12.10829       1.06630
    106      -5.14913      16.80840       1.06630
    107      -5.87903      14.87175       1.06630
    108      -3.04788      17.11997       1.06630
    109       0.04598     -14.91063       1.06630
    110      -7.79189     -14.47174       1.06630
    111      -5.71978     -14.16755       1.06630
    112      -4.17651     -10.28913       1.06630
    113       2.12214      -3.94021       1.06630
    114      -2.71925      -6.44808       1.06630
    115     -10.88400      -7.68983       1.06630
    116      -2.53847      -0.95923       1.06630
    117      -0.49294      -0.65644       1.06630
    118      -7.36042      -3.51079       1.06630
    119      -6.13284       9.40669       1.06630
    120      -7.39833      11.02652       1.06630
    121       0.27260      15.80457       1.06630
    122      -3.04102       2.57288       1.06630
    123       0.80662      12.21429       1.06630
    124      -4.58052      13.27598       1.06630
    125      -3.84926      15.21224       1.06630
    126      -0.99024      17.41501       1.06630
    127      -1.07779      -8.17149       1.06630
    128      -6.48383     -16.11573       1.06630
    129      -3.67992     -13.87509       1.06630
    130      -6.24402     -10.61385       1.06630
    131      -1.96297      -4.50872       1.06630
    132       0.26223     -12.76734       1.06630
    133       2.51430      -5.96393       1.06630
    134       5.23042      -1.32066       1.06630
    135       6.10183      -5.34303       1.06630
    136       1.55798      -0.38515       1.06630
    137      -3.26693      -2.89205       1.06630
    138      -5.10851       2.27351       1.06630
    139      -2.00120      10.01323       1.06630
    140      -2.79586       8.09425       1.06630
    141      -5.32859      11.35258       1.06630
    142      -1.24580      11.92941       1.06630
    143      -2.51600      13.55529       1.06630
    144       4.95699      12.79533       1.06630
    145       4.17128     -14.15696       1.06630
    146      -3.43925      -8.37561       1.06630
    147       5.72142     -12.78824       1.06630
    148      -4.93110     -12.23757       1.06630
    149       7.21572      -1.95532       1.06630
    150      -6.04495      -5.15300       1.06630
    151      -0.69370      -6.14890       1.06630
    152       4.06147      -4.59909       1.06630
    153       1.04649       3.17409       1.06630
    154       0.26970       1.26473       1.06630
    155      -7.15123       1.99338       1.06630
    156      -8.41763       3.62645       1.06630
    157       0.55125       6.72293       1.06630
    158      -1.76934      15.50156       1.06630
    159      10.42617      13.93191       1.06630
    160       2.87589      12.52686       1.06630
    161       0.03634      10.28073       1.06630
    162      -2.28293      19.03462       1.06630
    163      -1.09686     -17.13613       1.06630
    164      -5.22273     -17.74628       1.06630
    165       3.75893     -12.08662       1.06630
    166       5.34774     -10.73311       1.06630
    167       3.37519     -10.07022       1.06630
    168      -1.62651     -13.57002       1.06630
    169       5.12119       3.75542       1.06630
    170       0.97322      -7.35249       1.06630
    171       9.79792       2.84939       1.06630
    172       3.58679      -0.09301       1.06630
    173      -7.91217       0.03667       1.06630
    174       2.30365       1.54296       1.06630
    175      -3.54756       6.13744       1.06630
    176       7.55677       9.54005       1.06630
    177      -0.22663       4.80310       1.06630
    178       2.10108      10.59995       1.06630
    179       4.50476      16.33536       1.06630
    180       1.99401      19.60000       1.06630
    181       6.95007      -9.39011       1.06630
    182       1.00069     -16.82578       1.06630
    183      -3.16241     -17.42980       1.06630
    184      -0.22267     -10.76863       1.06630
    185       4.91565      -8.68139       1.06630
    186       6.59065     -16.87310       1.06630
    187       4.47762      -6.64862       1.06630
    188       7.30267       4.01505       1.06630
    189       5.68792      -3.33307       1.06630
    190      -2.29036       4.50063       1.06630
    191       1.32707       8.65124       1.06630
    192       3.08530       3.45328       1.06630
    193       4.63596       7.34328       1.06630
    194       3.37121       8.98236       1.06630
    195       8.63263       6.85941       1.06630
    196       4.14766      10.89137       1.06630
    197      10.05671      15.98149       1.06630
    198       5.87852      17.99512       1.06630
    199       1.34789      -9.38201       1.06630
    200       2.21417     -13.46002       1.06630
    201       6.11373     -14.85913       1.06630
    202      14.43267     -10.03933       1.06630
    203       8.52415      -8.06109       1.06630
    204       9.21015      -2.60930       1.06630
    205       7.31074     -11.42200       1.06630
    206       3.87901       5.39375       1.06630
    207       3.29600      -2.20451       1.06630
    208      12.70699      -1.87241       1.06630
    209       8.75383      -0.59408       1.06630
    210       8.32462       1.41669       1.06630
    211      -1.76775       0.96003       1.06630
    212      10.12369       8.32771       1.06630
    213       1.83018       5.08624       1.06630
    214      -1.00630       2.89648       1.06630
    215       8.98349      12.30798       1.06630
    216       7.13712      16.36776       1.06630
    217       4.99060     -18.25631       1.06630
    218       2.94100     -17.54467       1.06630
    219      11.35107     -12.83945       1.06630
    220       6.48821      -7.35711       1.06630
    221       1.79746     -11.39932       1.06630
    222      11.15764      -3.27105       1.06630
    223       6.40040       2.13450       1.06630
    224       6.72120       0.09544       1.06630
    225       2.60998       7.02191       1.06630
    226       9.19080       4.86214       1.06630
    227      -1.49702       6.42297       1.06630
    228      12.64915       5.80926       1.06630
    229      11.78426       2.29396       1.06630
    230       7.04334      13.07741       1.06630
    231       5.40931       9.24679       1.06630
    232      -0.19700      19.40771       1.06630
    233       3.31094      18.02136       1.06630
    234       6.68741       7.59811       1.06630
    235       8.93179     -10.09161       1.06630
    236      -2.89647     -11.93324       1.06630
    237      10.47818      -8.72962       1.06630
    238       9.28359     -12.13985       1.06630
    239       9.76220     -14.14756       1.06630
    240       5.94304       5.65271       1.06630
    241       4.34632       1.83351       1.06630
    242       2.93400      -8.01805       1.06630
    243      18.58333       4.08166       1.06630
    244      14.21616      -0.43691       1.06630
    245      15.62159       8.82607       1.06630
    246      13.58396       9.32776       1.06630
    247      18.10038       6.15318       1.06630
    248       3.68096      14.44315       1.06630
    249      10.97928      11.76223       1.06630
    250      14.64165       5.31148       1.06630
    251      19.06972       1.85117       1.06630
    252       2.36301      16.11694       1.06630
    253       7.70539     -13.44874       1.06630
    254       8.20332     -15.47995       1.06630
    255      18.23476      -1.75413       1.06630
    256      12.05234      -7.34746       1.06630
    257      10.07684      -6.70515       1.06630
    258       8.08905      -6.03739       1.06630
    259      15.17764       3.11203       1.06630
    260      13.59526      -5.94915       1.06630
    261      15.57477      -6.62854       1.06630
    262      14.14581       7.34397       1.06630
    263      13.15194      -3.90002       1.06630
    264      10.30334       0.82985       1.06630
    265      12.11933       7.79176       1.06630
    266      16.13086       6.78586       1.06630
    267      12.99943      11.35346       1.06630
    268       8.36210      14.67559       1.06630
    269       6.22391      11.15468       1.06630
    270       5.79502      14.72360       1.06630
    271       1.27533     -18.87912       1.06630
    272       7.66298      -3.97750       1.06630
    273      10.88822     -10.75680       1.06630
    274      12.45022      -9.39218       1.06630
    275      15.71286       0.98258       1.06630
    276      14.67041      -2.51139       1.06630
    277      13.20439       3.80425       1.06630
    278      12.26136       0.19033       1.06630
    279       9.63269      -4.68332       1.06630
    280      16.63274      -3.12134       1.06630
    281      10.65458       6.32655       1.06630
    282      16.18472      -1.08896       1.06630
    283      16.60173       4.69299       1.06630
    284      11.20501       4.35018       1.06630
    285      13.74227       1.63306       1.06630
    286      11.58464       9.78266       1.06630
    287       9.48711      10.30618       1.06630
    288      12.42360      13.34150       1.06630
    289      12.84962     -11.41675       1.06630
    290      14.83853     -12.18967       1.06630
    291      17.10466      -5.23247       1.06630
    292      11.63263      -5.28232       1.06630
    293      17.66737       0.35269       1.06630
    294      15.99677      -8.65637       1.06630
    295      14.01111      -7.98661       1.06630
    296      20.50282       3.35804       1.06630
    297      15.11668      -4.55530       1.06630
    298      17.14293       2.55475       1.06630
    299      10.74231      -1.21445       1.06630
    300      18.75424      -3.92693       1.06630