      1     -12.25815      -4.92665       1.06630
      2     -13.31543     -10.30669       1.06630
      3     -16.45918      -4.93505       1.06630
      4     -14.23955       2.31553       1.06630
      5     -14.32330      -1.32121       1.06630
      6     -11.19633      -3.15458       1.06630
      7     -11.14300       0.47197       1.06630
      8     -16.28687       9.49551       1.06630
      9     -14.21343       9.52101       1.06630
     10     -15.36271      -6.72361       1.06630
     11     -18.53448      -1.36547       1.06630
     12     -13.18315       7.67931       1.06630
     13     -17.40879       7.72821       1.06630
     14     -15.23990       7.71586       1.06630
     15     -15.37015       0.48511       1.06630
     16     -10.07209       5.86220       1.06630
     17      -7.91856      12.99761       1.06630
     18     -12.07422       9.49985       1.06630
     19     -12.29127     -12.12935       1.06630
     20      -9.12667      -3.16726       1.06630
     21     -11.30195     -13.94266       1.06630
     22     -10.16428      -4.95334       1.06630
     23      -8.07868      -1.38999       1.06630
     24     -17.47378      -3.14080       1.06630
     25     -15.37415      -3.14000       1.06630
     26     -10.08425       2.26724       1.06630
     27     -17.51159       0.60371       1.06630
     28      -6.93302       7.58161       1.06630
     29      -7.99982       5.82706       1.06630
     30      -6.90285      11.20527       1.06630
     31     -16.31194       5.87512       1.06630
     32     -13.29351      -3.13327       1.06630
     33     -12.14823       5.89795       1.06630
     34     -11.09209       7.67563       1.06630
     35     -16.39392      -1.30032       1.06630
     36      -8.98011      14.86486       1.06630
     37      -8.12111      -8.53977       1.06630
     38     -10.22291     -12.12287       1.06630
     39     -10.29465     -15.74299       1.06630
     40     -14.31585      -8.51458       1.06630
     41     -11.24550     -10.31973       1.06630
     42     -13.17136       4.08086       1.06630
     43      -8.08266      -4.96104       1.06630
     44     -14.33227      -4.93664       1.06630
     45     -10.15567      -1.35914       1.06630
     46     -12.26006      -1.32042       1.06630
     47      -2.82638       3.95398       1.06630
     48      -8.96337      11.22235       1.06630
     49      -5.82024      12.95858       1.06630
     50     -15.26528       4.09600       1.06630
     51      -9.02545       7.64334       1.06630
     52      -0.63729      11.11423       1.06630
     53       0.42933      16.48196       1.06630
     54     -10.12720      13.13773       1.06630
     55      -4.10644     -19.43678       1.06630
     56     -13.26881      -6.71646       1.06630
     57     -12.25823      -8.51061       1.06630
     58      -6.11703     -15.77236       1.06630
     59      -8.01631       2.22183       1.06630
     60      -7.07689      -6.77190       1.06630
     61     -13.25125       0.50366       1.06630
     62      -2.94333     -10.40621       1.06630
     63      -9.06980       0.45226       1.06630
     64      -4.95560       0.37649       1.06630
     65      -9.02434       4.02754       1.06630
     66     -14.21144       5.89441       1.06630
     67      -2.85449       0.36274       1.06630
     68      -7.94345       9.42397       1.06630
     69     -16.42006       2.36954       1.06630
     70      -3.73697      12.92922       1.06630
     71     -10.01072       9.44677       1.06630
     72       2.54456      16.48814       1.06630
     73     -14.36547     -12.15328       1.06630
     74     -13.37141     -13.95959       1.06630
     75      -4.98760      -6.80172       1.06630
     76       1.24591      -3.29410       1.06630
     77      -9.17460     -10.34893       1.06630
     78     -10.18754      -8.54024       1.06630
     79      -3.92546      -5.02512       1.06630
     80      -4.87386       7.56414       1.06630
     81      -9.13515      -6.75326       1.06630
     82     -12.15079       2.27319       1.06630
     83      -3.92325      -1.43499       1.06630
     84      -5.90576       5.78764       1.06630
     85      -3.78133       9.37224       1.06630
     86      -6.87345      14.76880       1.06630
     87     -11.12127       4.07217       1.06630
     88      -2.70115      14.72621       1.06630
     89       2.46763      12.88262       1.06630
     90      -4.76743      14.75246       1.06630
     91       5.25842     -17.76279       1.06630
     92      -0.93495     -17.61129       1.06630
     93      -4.05110     -15.78439       1.06630
     94      -8.15450     -12.13789       1.06630
     95      -6.05336      -8.57053       1.06630
     96       0.20111      -5.06623       1.06630
     97     -19.59827       0.62864       1.06630
     98      -5.97222      -1.40871       1.06630
     99      -4.88357       3.99493       1.06630
    100      -4.95681      -3.20872       1.06630
    101      -0.81013      -3.26959       1.06630
    102     -13.13279      11.29289       1.06630
    103      -3.73376      16.54651       1.06630
    104      -0.70233       7.49198       1.06630
    105     -11.02885      11.26812       1.06630
    106      -4.85041      18.36660       1.06630
    107      -7.88982      16.63298       1.06630
    108       0.38278      20.13810       1.06630
    109      -1.98628     -15.81827       1.06630
    110      -9.23362     -13.92764       1.06630
    111      -7.13503     -13.95398       1.06630
    112      -5.00595     -10.36758       1.06630
    113       1.23082      -6.85873       1.06630
    114      -2.91553      -6.82320       1.06630
    115     -11.19838      -6.73830       1.06630
    116      -1.84109      -1.44255       1.06630
    117       0.22944      -1.46499       1.06630
    118      -7.03285      -3.18233       1.06630
    119      -5.88802       9.38531       1.06630
    120      -4.81599      11.15378       1.06630
    121       3.51814      14.66934       1.06630
    122      -1.78111       2.12296       1.06630
    123       1.41779      11.08036       1.06630
    124      -0.62121      14.70497       1.06630
    125      -1.67820      12.93658       1.06630
    126       1.46055      14.67366       1.06630
    127      -1.89288      -8.60797       1.06630
    128      -8.20258     -15.74372       1.06630
    129      -5.06829     -13.97601       1.06630
    130      -7.09274     -10.35531       1.06630
    131      -1.86157      -5.02738       1.06630
    132      -0.92091     -14.01171       1.06630
    133       0.17547      -8.62916       1.06630
    134       5.41159      -3.32761       1.06630
    135       3.30857      -6.87405       1.06630
    136       2.30130      -1.51269       1.06630
    137      -2.88935      -3.22492       1.06630
    138      -3.88874       2.15359       1.06630
    139      -1.70426       9.33534       1.06630
    140      -2.79285       7.57153       1.06630
    141      -2.70343      11.14671       1.06630
    142       0.39208      12.89718       1.06630
    143      -5.81248      16.54508       1.06630
    144       5.59049      11.04358       1.06630
    145       4.25267     -15.90819       1.06630
    146      -3.96491      -8.60169       1.06630
    147       5.29345     -14.11724       1.06630
    148      -6.05769     -12.16437       1.06630
    149       7.49138      -3.37368       1.06630
    150      -6.00059      -5.00803       1.06630
    151      -0.86111      -6.83812       1.06630
    152       2.27487      -5.08103       1.06630
    153       2.35141       2.07689       1.06630
    154       1.29055       0.30883       1.06630
    155      -5.95424       2.19980       1.06630
    156      -6.95550       4.01120       1.06630
    157       0.31504       5.68739       1.06630
    158      -0.56449      18.29792       1.06630
    159      10.82399      12.87566       1.06630
    160       3.50321      11.07735       1.06630
    161       0.35178       9.28760       1.06630
    162      -1.64673      16.50063       1.06630
    163      -3.07062     -17.60650       1.06630
    164      -7.23404     -17.56298       1.06630
    165       3.21107     -14.06550       1.06630
    166       4.28869     -12.28768       1.06630
    167       2.21715     -12.26648       1.06630
    168      -2.97645     -14.00794       1.06630
    169       6.48441       2.02546       1.06630
    170      -0.87818     -10.40847       1.06630
    171      10.65078       1.97194       1.06630
    172       4.38237      -1.53918       1.06630
    173      -7.01462       0.39840       1.06630
    174       3.34443       0.26604       1.06630
    175      -3.81770       5.75424       1.06630
    176       7.59476       7.40137       1.06630
    177       1.34032       3.89053       1.06630
    178       2.43813       9.28446       1.06630
    179       7.68970      14.62083       1.06630
    180       1.51331      18.26514       1.06630
    181       5.36544     -10.52528       1.06630
    182       1.12811     -17.64946       1.06630
    183      -5.15432     -17.60053       1.06630
    184      -1.93946     -12.22016       1.06630
    185       3.29339     -10.44303       1.06630
    186       8.46430     -15.97526       1.06630
    187       2.24840      -8.65845       1.06630
    188       8.57523       2.01987       1.06630
    189       4.37533      -5.11265       1.06630
    190      -0.75860       3.90180       1.06630
    191       1.37173       7.48048       1.06630
    192       4.41411       2.04755       1.06630
    193       4.44194       5.67475       1.06630
    194       3.44013       7.49135       1.06630
    195       8.59986       5.61003       1.06630
    196       4.50234       9.26713       1.06630
    197       6.73920      16.44809       1.06630
    198       4.64306      16.48553       1.06630
    199       0.13850     -12.22283       1.06630
    200       0.10767     -15.84682       1.06630
    201       6.31858     -15.97917       1.06630
    202      13.72210     -10.66995       1.06630
    203       8.54554      -8.78410       1.06630
    204       9.58650      -3.40456       1.06630
    205       6.35834     -12.32893       1.06630
    206       5.47251       3.83479       1.06630
    207       3.33351      -3.31221       1.06630
    208      13.72443      -3.44915       1.06630
    209       8.51915      -1.58589       1.06630
    210       9.61644       0.17851       1.06630
    211      -0.77200       0.33277       1.06630
    212       9.68255       7.38511       1.06630
    213       3.41146       3.84811       1.06630
    214       0.27832       2.12730       1.06630
    215       9.75959      10.97830       1.06630
    216       9.83967      14.74769       1.06630
    217       3.18069     -17.70333       1.06630
    218       2.18174     -15.86179       1.06630
    219      10.55396     -12.41223       1.06630
    220       4.33759      -8.65154       1.06630
    221       1.14400     -14.02872       1.06630
    222      11.64965      -3.42374       1.06630
    223       7.54114       0.22314       1.06630
    224       6.44657      -1.54909       1.06630
    225       2.39154       5.68308       1.06630
    226       9.61129       3.80801       1.06630
    227      -1.74522       5.70843       1.06630
    228      13.81349       7.32278       1.06630
    229      12.72207       1.96996       1.06630
    230       7.67441      11.04197       1.06630
    231       5.49454       7.44674       1.06630
    232       2.59098      20.13038       1.06630
    233      -2.64163      18.38532       1.06630
    234       6.50983       5.64248       1.06630
    235       7.47787     -10.56314       1.06630
    236      -4.00303     -12.20220       1.06630
    237      10.60628      -8.81082       1.06630
    238       8.43974     -12.39948       1.06630
    239       9.49000     -14.18140       1.06630
    240       7.53876       3.80862       1.06630
    241       5.41316       0.25468       1.06630
    242       1.19797     -10.43332       1.06630
    243       3.59860      18.29837       1.06630
    244      13.76353       0.17255       1.06630
    245       5.78770      18.28378       1.06630
    246      15.00966      12.70127       1.06630
    247      19.53215      -2.27256       1.06630
    248       4.57898      12.87948       1.06630
    249      10.75627       9.15307       1.06630
    250      16.97096       9.10044       1.06630
    251      14.80055       1.95748       1.06630
    252       5.61325      14.66801       1.06630
    253       7.39931     -14.16544       1.06630
    254      11.61623     -14.20898       1.06630
    255      14.79944      -5.29185       1.06630
    256      11.65573      -7.02392       1.06630
    257       7.49655      -7.00200       1.06630
    258       6.44387      -8.76605       1.06630
    259      17.93360       0.19786       1.06630
    260      12.69870      -5.23892       1.06630
    261      15.80820      -7.10925       1.06630
    262      14.91884       9.14100       1.06630
    263      10.60894      -5.20564       1.06630
    264      11.70273       0.17442       1.06630
    265      11.74653       7.34302       1.06630
    266      12.90370      12.77968       1.06630
    267      11.92104      14.63108       1.06630
    268       8.74201      12.81606       1.06630
    269       6.58262       9.22248       1.06630
    270       6.64806      12.84323       1.06630
    271       2.06950     -19.48388       1.06630
    272       6.44536      -5.15384       1.06630
    273       9.54434     -10.58365       1.06630
    274      12.69980      -8.86052       1.06630
    275      16.86625       5.25852       1.06630
    276      14.76074      -1.66077       1.06630
    277      12.74372       5.54818       1.06630
    278      12.70204      -1.63714       1.06630
    279       8.52279      -5.21570       1.06630
    280      15.82657       0.14632       1.06630
    281      10.68487       5.57333       1.06630
    282      13.76958       3.74378       1.06630
    283      13.87866      10.96391       1.06630
    284      11.67277       3.77175       1.06630
    285      15.91341       7.28189       1.06630
    286      12.82944       9.12209       1.06630
    287       8.65394       9.20546       1.06630
    288      11.83022      10.97346       1.06630
    289      11.60582     -10.62510       1.06630
    290      12.69717     -12.46268       1.06630
    291      16.86829      -1.68067       1.06630
    292       9.58803      -6.98735       1.06630
    293      17.85917      -7.23126       1.06630
    294      14.79839      -8.90583       1.06630
    295      13.71585      -7.04488       1.06630
    296      17.83728      -3.49109       1.06630
    297      15.77974      -3.46532       1.06630
    298      14.81075       5.52197       1.06630
    299      10.63124      -1.61276       1.06630
    300      16.87007      -5.32484       1.06630