      1     -13.29188      -4.75844       1.06630
      2     -14.75201     -10.76526       1.06630
      3     -17.52862      -7.39665       1.06630
      4     -15.75773       2.81938       1.06630
      5     -15.70718      -0.99953       1.06630
      6     -12.29752      -2.94411       1.06630
      7     -12.46676       0.94542       1.06630
      8     -18.54558      -1.09627       1.06630
      9     -20.00749       5.39944       1.06630
     10     -17.50359      -5.23752       1.06630
     11     -18.43619       2.48153       1.06630
     12     -14.69235       8.36282       1.06630
     13     -18.58053       7.06377       1.06630
     14     -13.75549      10.36479       1.06630
     15     -16.96205       0.90549       1.06630
     16     -10.19652       8.18813       1.06630
     17      -8.27536      15.97674       1.06630
     18     -12.29036      11.92667       1.06630
     19     -13.25966     -12.35099       1.06630
     20     -10.16820      -2.96532       1.06630
     21     -12.52897     -14.34983       1.06630
     22     -11.15319      -4.91153       1.06630
     23      -9.12212      -1.15031       1.06630
     24     -18.92328      -3.25939       1.06630
     25     -16.78309      -3.01964       1.06630
     26     -11.27962       2.66227       1.06630
     27     -19.88754       0.75334       1.06630
     28      -6.84901       6.39559       1.06630
     29      -9.00264       6.42451       1.06630
     30      -6.91392      10.40900       1.06630
     31     -16.85876       8.56629       1.06630
     32     -14.41400      -3.01385       1.06630
     33     -13.82539       6.49551       1.06630
     34     -12.33687       8.17082       1.06630
     35     -20.89019      -1.42908       1.06630
     36     -12.12327      16.28832       1.06630
     37      -8.94252      -8.46151       1.06630
     38     -11.13828     -12.42123       1.06630
     39     -11.31116     -16.20243       1.06630
     40     -15.94585      -8.85920       1.06630
     41     -12.12275     -10.58480       1.06630
     42     -12.48809       4.51725       1.06630
     43      -9.04298      -4.74518       1.06630
     44     -15.47442      -4.82118       1.06630
     45     -11.27046      -1.11590       1.06630
     46     -13.39423      -1.03242       1.06630
     47      -3.65237       4.55012       1.06630
     48      -9.00493      10.13297       1.06630
     49      -9.04605      13.95921       1.06630
     50     -15.01881       4.74448       1.06630
     51      -7.97834       8.25205       1.06630
     52      -1.55574      12.16778       1.06630
     53      -1.79024      19.92093       1.06630
     54      -7.85761      18.64403       1.06630
     55      -1.56976     -17.97504       1.06630
     56     -14.28917      -6.59406       1.06630
     57     -13.61892      -8.66102       1.06630
     58      -6.82529     -16.22031       1.06630
     59      -9.09178       2.60067       1.06630
     60      -7.77690      -6.76717       1.06630
     61     -14.65924       0.95492       1.06630
     62      -3.65073     -10.47373       1.06630
     63     -10.28063       0.82295       1.06630
     64      -5.86355       0.68360       1.06630
     65     -10.11663       4.44357       1.06630
     66     -16.03578       6.64066       1.06630
     67      -3.68063       0.72758       1.06630
     68      -5.86919       8.42910       1.06630
     69     -17.32543       4.89060       1.06630
     70      -8.12390      12.07870       1.06630
     71     -11.16822      10.00655       1.06630
     72       4.09802      17.75274       1.06630
     73     -15.94568     -12.57889       1.06630
     74     -14.59248     -14.13906       1.06630
     75      -5.64653      -6.79454       1.06630
     76       0.63962      -2.88283       1.06630
     77     -10.05546     -10.52959       1.06630
     78     -11.20757      -8.70761       1.06630
     79      -4.78595      -4.87243       1.06630
     80      -3.80969       8.33327       1.06630
     81     -10.09021      -6.75599       1.06630
     82     -13.56732       2.74529       1.06630
     83      -4.80289      -1.15141       1.06630
     84      -4.72558       6.49569       1.06630
     85      -2.56044      10.16368       1.06630
     86      -6.94550      14.13741       1.06630
     87     -11.35364       6.30128       1.06630
     88      -4.59433      14.22682       1.06630
     89       3.71805      13.72641       1.06630
     90      -6.09308      16.11123       1.06630
     91       2.91635     -18.28840       1.06630
     92      -0.42669     -16.10330       1.06630
     93      -3.55004     -14.08517       1.06630
     94      -9.07435     -12.34114       1.06630
     95      -6.74222      -8.60798       1.06630
     96      -0.24295      -4.74802       1.06630
     97     -22.10575       0.62890       1.06630
     98      -6.88720      -1.13728       1.06630
     99      -5.71348       4.68363       1.06630
    100      -5.74119      -2.97768       1.06630
    101      -1.48398      -3.02335       1.06630
    102     -10.22113      11.86853       1.06630
    103       1.72696      14.30088       1.06630
    104       0.61316       8.13024       1.06630
    105     -11.52947      14.02537       1.06630
    106      -2.58266      17.92887       1.06630
    107      -3.92812      16.35546       1.06630
    108      -0.04267      18.64541       1.06630
    109      -1.44809     -14.20862       1.06630
    110     -10.19176     -14.25818       1.06630
    111      -7.93460     -14.30700       1.06630
    112      -5.79703     -10.45891       1.06630
    113       1.84299      -4.91926       1.06630
    114      -3.56679      -6.77157       1.06630
    115     -12.18746      -6.78741       1.06630
    116      -2.67206      -1.15008       1.06630
    117      -0.59406      -0.97065       1.06630
    118      -7.99718      -2.93785       1.06630
    119      -4.84561      10.25443       1.06630
    120      -5.92330      12.24021       1.06630
    121       3.12183      15.84934       1.06630
    122      -2.53345       2.65166       1.06630
    123       2.71391      11.79835       1.06630
    124      -2.50076      14.20838       1.06630
    125      -1.56938      16.06384       1.06630
    126       2.06114      18.29824       1.06630
    127      -2.43441      -8.65194       1.06630
    128      -8.92182     -16.17344       1.06630
    129      -5.64294     -14.20742       1.06630
    130      -7.90006     -10.43936       1.06630
    131      -2.52868      -4.88266       1.06630
    132      -0.30320     -12.23870       1.06630
    133       0.84736      -6.73343       1.06630
    134       5.99496      -1.15777       1.06630
    135       6.11990      -4.82057       1.06630
    136       1.64426      -1.05354       1.06630
    137      -3.67174      -3.04023       1.06630
    138      -4.68037       2.54805       1.06630
    139      -0.36942      10.14356       1.06630
    140      -1.50611       8.39728       1.06630
    141      -3.74729      12.11664       1.06630
    142       0.66322      12.20028       1.06630
    143      -0.39875      14.23895       1.06630
    144       7.05160      12.02728       1.06630
    145       2.85908     -14.26576       1.06630
    146      -4.57505      -8.58318       1.06630
    147       5.36646     -14.62413       1.06630
    148      -6.82495     -12.37654       1.06630
    149       7.17854      -3.01111       1.06630
    150      -6.87900      -4.88067       1.06630
    151      -1.42373      -6.78636       1.06630
    152       3.93985      -4.81419       1.06630
    153       1.69756       2.72162       1.06630
    154       0.60036       0.76982       1.06630
    155      -6.90218       2.79120       1.06630
    156      -8.04760       4.51165       1.06630
    157       1.65412       6.33135       1.06630
    158       0.51147      16.38224       1.06630
    159      11.49690      12.22899       1.06630
    160       4.86311      11.90756       1.06630
    161       1.69375       9.97636       1.06630
    162       0.26758      21.13690       1.06630
    163      -2.62378     -16.03499       1.06630
    164      -7.64317     -18.17187       1.06630
    165       4.14135     -12.50035       1.06630
    166       4.99680     -10.60065       1.06630
    167       2.90038     -10.45663       1.06630
    168      -2.52013     -12.26789       1.06630
    169       5.88758       2.54620       1.06630
    170      -0.25711      -8.56084       1.06630
    171      12.55190       2.71280       1.06630
    172       3.83005      -1.10057       1.06630
    173      -7.95087       0.72944       1.06630
    174       2.68641       0.76068       1.06630
    175      -2.61303       6.32931       1.06630
    176       9.17378       8.42832       1.06630
    177       0.65545       4.52086       1.06630
    178       3.80365      10.01251       1.06630
    179       7.50823      16.02485       1.06630
    180      -1.04580      22.79237       1.06630
    181       6.22093      -8.73920       1.06630
    182       0.86248     -18.04921       1.06630
    183      -4.73303     -16.10151       1.06630
    184      -1.37633     -10.47192       1.06630
    185       3.95970      -8.55876       1.06630
    186       5.55633     -18.03242       1.06630
    187       2.92160      -6.73592       1.06630
    188      10.33046       2.69441       1.06630
    189       4.99753      -3.03844       1.06630
    190      -1.56912       4.50055       1.06630
    191       2.79860       8.11594       1.06630
    192       3.82178       2.68205       1.06630
    193       5.96349       6.27000       1.06630
    194       4.88671       8.23411       1.06630
    195       9.16317       4.41903       1.06630
    196       5.87119      10.07986       1.06630
    197      12.53459      14.80576       1.06630
    198       6.24651      18.44361       1.06630
    199       0.77345     -10.43866       1.06630
    200       0.71793     -14.15987       1.06630
    201       4.13386     -16.47994       1.06630
    202       1.41232     -21.13968       1.06630
    203       8.66185      -8.62455       1.06630
    204       9.32123      -2.93037       1.06630
    205       6.27134     -12.35804       1.06630
    206       4.85075       4.48807       1.06630
    207       2.78681      -3.05147       1.06630
    208      13.56408      -2.96490       1.06630
    209       8.11532      -1.12068       1.06630
    210       9.22323       0.86840       1.06630
    211      -1.48585       0.88401       1.06630
    212      10.36186       6.52247       1.06630
    213       2.78596       4.48614       1.06630
    214      -0.43878       2.77877       1.06630
    215      10.42383      10.17377       1.06630
    216       9.72412      16.21431       1.06630
    217      -1.26525     -20.08041       1.06630
    218       2.07676     -16.22510       1.06630
    219      12.55748     -14.94879       1.06630
    220       5.02024      -6.73195       1.06630
    221       1.90949     -12.32804       1.06630
    222      11.40809      -2.87428       1.06630
    223       8.08840       2.61929       1.06630
    224       7.00207       0.78196       1.06630
    225       3.91337       6.35753       1.06630
    226      11.23161       4.64492       1.06630
    227      -0.47734       6.35541       1.06630
    228      15.95032       4.53897       1.06630
    229      13.64719       0.92979       1.06630
    230       9.13215      11.94036       1.06630
    231       6.97091       8.16399       1.06630
    232       1.43463      23.55691       1.06630
    233       2.64058      20.58422       1.06630
    234       8.09301       6.30399       1.06630
    235       7.49459     -10.56448       1.06630
    236      -4.71687     -12.33674       1.06630
    237      10.75747      -8.66841       1.06630
    238       8.39113     -12.45758       1.06630
    239       9.95120     -14.59520       1.06630
    240       6.91696       4.36359       1.06630
    241       4.81769       0.74156       1.06630
    242       1.82661      -8.61249       1.06630
    243       8.68457      19.43195       1.06630
    244      14.60805      -0.93050       1.06630
    245       4.85357      20.67169       1.06630
    246      19.13913       8.38631       1.06630
    247      16.10234     -14.11864       1.06630
    248       6.16326      14.04064       1.06630
    249      13.52606       8.23893       1.06630
    250      20.16386       6.39446       1.06630
    251      20.57421       1.40838       1.06630
    252       5.23332      15.98285       1.06630
    253       7.53207     -14.35201       1.06630
    254       7.10267     -16.40216       1.06630
    255       3.63798     -21.35261       1.06630
    256      13.30937      -8.74955       1.06630
    257       9.67634      -6.76704       1.06630
    258       7.45331      -6.92695       1.06630
    259      17.49676       2.95092       1.06630
    260      14.61288      -6.83401       1.06630
    261      16.72809      -7.15816       1.06630
    262      17.25010       6.48594       1.06630
    263      12.73077      -4.88178       1.06630
    264      11.49760       0.93256       1.06630
    265      14.96031       6.37588       1.06630
    266       7.10110      20.82920       1.06630
    267      14.99111      10.52967       1.06630
    268      10.40174      14.05214       1.06630
    269       7.97735      10.15765       1.06630
    270       8.25448      13.82953       1.06630
    271       0.71113     -24.07868       1.06630
    272       8.45744      -4.83006       1.06630
    273       9.65204     -10.64857       1.06630
    274      12.04901     -10.54278       1.06630
    275      18.13410       0.98398       1.06630
    276      15.77449      -2.74455       1.06630
    277      14.63710       2.74857       1.06630
    278      12.46267      -0.89959       1.06630
    279      10.53778      -4.81383       1.06630
    280      18.15934      -2.72102       1.06630
    281      12.43096       6.47983       1.06630
    282      16.95439      -0.75471       1.06630
    283      13.55494      12.32817       1.06630
    284      13.62588       4.57511       1.06630
    285      15.98454       1.11481       1.06630
    286      16.35737       8.59471       1.06630
    287      11.35978       8.33139       1.06630
    288      12.51609      10.17933       1.06630
    289      10.55693     -12.53288       1.06630
    290       9.27654     -17.03975       1.06630
    291      17.01792      -4.58826       1.06630
    292      12.02879      -6.91105       1.06630
    293      22.83658      -1.79488       1.06630
    294      12.83555     -12.45804       1.06630
    295      15.50232      -9.03547       1.06630
    296      19.19941      -0.89250       1.06630
    297      14.88869      -4.62422       1.06630
    298      19.23938       4.16753       1.06630
    299      10.37640      -0.91338       1.06630
    300      14.65406     -11.00747       1.06630