      1     -10.55570      -6.33273       1.06630
      2     -15.03236     -12.18334       1.06630
      3     -16.96165      -3.69229       1.06630
      4     -15.06514       0.14965       1.06630
      5     -16.02254      -1.80973       1.06630
      6      -9.00873      -4.96175       1.06630
      7     -15.04317       2.29595       1.06630
      8     -18.08956      -1.92356       1.06630
      9     -15.70190      -5.47168       1.06630
     10     -14.16690      -6.90461       1.06630
     11     -18.93287       0.99126       1.06630
     12     -16.28621       7.65084       1.06630
     13     -19.36791       5.72444       1.06630
     14     -17.38635       9.41028       1.06630
     15     -17.12290      -0.04716       1.06630
     16     -13.11409       5.99199       1.06630
     17     -11.50650      13.47829       1.06630
     18     -11.17423       9.90874       1.06630
     19     -13.34669     -11.00308       1.06630
     20      -7.48982      -3.58221       1.06630
     21     -11.38954     -11.65708       1.06630
     22      -8.58901      -6.99002       1.06630
     23     -11.09164      -2.26990       1.06630
     24     -17.82170      -5.64219       1.06630
     25     -14.90783      -3.55472       1.06630
     26     -12.36069       3.06288       1.06630
     27     -19.91999      -0.83337       1.06630
     28      -8.48515       6.82158       1.06630
     29     -10.29502       3.14258       1.06630
     30     -10.32438      11.78798       1.06630
     31     -18.34188       7.56674       1.06630
     32     -10.96986      -4.31776       1.06630
     33     -15.18404       5.91343       1.06630
     34     -15.33924       9.57036       1.06630
     35     -19.02487      -3.84805       1.06630
     36      -8.56221      15.52018       1.06630
     37      -6.19770      -9.61397       1.06630
     38      -7.75657     -11.03715       1.06630
     39      -9.16371     -14.46093       1.06630
     40     -15.58133      -9.92029       1.06630
     41      -9.73258     -10.37531       1.06630
     42     -16.16071       4.02303       1.06630
     43      -7.02890      -5.58435       1.06630
     44     -12.64301      -5.51805       1.06630
     45     -13.28862       1.21126       1.06630
     46     -12.84347      -3.37737       1.06630
     47      -3.73587       6.67645       1.06630
     48     -12.13583       7.97860       1.06630
     49      -8.20216      11.84938       1.06630
     50     -18.23380       3.88190       1.06630
     51     -11.06963       6.22728       1.06630
     52      -2.10312      10.45639       1.06630
     53      -2.45643      19.43309       1.06630
     54     -10.68520      15.38138       1.06630
     55      -1.24179     -17.04082       1.06630
     56     -12.17451      -7.59262       1.06630
     57     -16.14949      -7.50262       1.06630
     58      -7.20293     -15.16989       1.06630
     59      -9.13655       1.40055       1.06630
     60      -6.63098      -7.60804       1.06630
     61     -13.95383      -1.61278       1.06630
     62      -2.67655      -8.84172       1.06630
     63      -7.06712       1.57087       1.06630
     64      -5.91368      -0.13024       1.06630
     65     -12.18502      -0.52922       1.06630
     66     -17.23330       5.78252       1.06630
     67      -3.96489      -2.67736       1.06630
     68     -10.06619       8.15957       1.06630
     69     -20.19588       3.21968       1.06630
     70      -6.07452      12.14565       1.06630
     71     -14.19229       7.75458       1.06630
     72       2.26016      16.48393       1.06630
     73     -13.06268     -13.10989       1.06630
     74     -11.10595     -13.74617       1.06630
     75      -5.06119      -6.21896       1.06630
     76      -0.27636      -1.96345       1.06630
     77     -11.79629      -9.63679       1.06630
     78     -13.75331      -8.96116       1.06630
     79      -3.07963      -6.82536       1.06630
     80      -5.80480       6.50242       1.06630
     81      -8.16884      -9.01274       1.06630
     82     -17.09330       2.11601       1.06630
     83      -5.97286      -2.18919       1.06630
     84      -6.97336       8.21724       1.06630
     85      -4.92253       8.39763       1.06630
     86      -9.42967      13.63147       1.06630
     87     -14.11401       4.15544       1.06630
     88      -4.69082      13.68001       1.06630
     89       1.46110      14.55637       1.06630
     90      -7.36873      13.77640       1.06630
     91       4.59034     -16.71662       1.06630
     92       0.79224     -17.58985       1.06630
     93      -1.38746     -14.93715       1.06630
     94      -7.50654     -13.09338       1.06630
     95      -4.23290     -10.26380       1.06630
     96       0.40823      -6.02045       1.06630
     97     -20.85340      -2.77957       1.06630
     98      -7.94491      -0.39237       1.06630
     99      -7.32304       5.12475       1.06630
    100      -3.53149      -4.78365       1.06630
    101      -2.01006      -3.40296       1.06630
    102     -13.26734       9.71836       1.06630
    103       0.20391      16.20416       1.06630
    104      -0.81418       8.72598       1.06630
    105     -12.39741      11.59163       1.06630
    106      -3.21939      17.51705       1.06630
    107      -5.26951      17.26846       1.06630
    108      -1.63101      21.34839       1.06630
    109       0.58538     -15.54216       1.06630
    110      -9.47419     -12.42092       1.06630
    111      -5.41418     -13.70330       1.06630
    112      -2.23672     -10.85887       1.06630
    113       1.95066      -4.59413       1.06630
    114      -4.65298      -8.24843       1.06630
    115     -10.13545      -8.35442       1.06630
    116      -3.82738      -0.02901       1.06630
    117      -0.70984       0.05582       1.06630
    118      -9.02374      -2.17794       1.06630
    119      -9.10606       9.98276       1.06630
    120      -6.88466      10.25926       1.06630
    121       4.84818      13.21829       1.06630
    122      -4.94551       1.70493       1.06630
    123      -1.35846      12.37426       1.06630
    124      -2.64368      13.98111       1.06630
    125      -6.07770      15.37453       1.06630
    126       0.99451      18.11543       1.06630
    127      -0.68650      -9.44173       1.06630
    128      -6.72575     -17.19703       1.06630
    129      -3.38517     -14.31199       1.06630
    130      -5.76603     -11.65259       1.06630
    131      -1.55268      -5.40157       1.06630
    132       3.69657     -12.63633       1.06630
    133       1.29203     -10.03267       1.06630
    134       7.86139      -3.26326       1.06630
    135       3.97319      -4.99407       1.06630
    136       3.75323      -2.92908       1.06630
    137      -2.24677      -1.33792       1.06630
    138      -8.24236       3.26808       1.06630
    139      -4.73774      10.48217       1.06630
    140      -2.86761       8.55246       1.06630
    141      -3.40484      12.07211       1.06630
    142      -0.60007      14.28157       1.06630
    143      -3.95208      15.60162       1.06630
    144       2.77875      12.90938       1.06630
    145       4.12107     -14.69707       1.06630
    146      -1.12217      -7.43325       1.06630
    147       6.10995     -15.26113       1.06630
    148      -3.77819     -12.29341       1.06630
    149       7.95234      -5.36200       1.06630
    150      -5.49617      -4.20264       1.06630
    151       0.84282      -8.03133       1.06630
    152       5.29963      -1.50471       1.06630
    153       0.85814       3.52601       1.06630
    154       1.31284      -0.52234       1.06630
    155      -9.40564       4.99109       1.06630
    156     -11.22228       1.30562       1.06630
    157      -1.65215       6.83163       1.06630
    158      -1.90334      15.91449       1.06630
    159      10.61379      11.47369       1.06630
    160       0.71633      12.62958       1.06630
    161      -0.06352      10.69987       1.06630
    162      -1.08800      17.80971       1.06630
    163      -3.23439     -16.36944       1.06630
    164      -4.74343     -17.81994       1.06630
    165       5.67727     -13.22367       1.06630
    166       5.26402     -11.20083       1.06630
    167       1.71212     -12.10020       1.06630
    168      -1.81416     -12.90241       1.06630
    169       4.90788       1.10953       1.06630
    170       4.83298      -9.13341       1.06630
    171       9.24146       4.90151       1.06630
    172       0.78356       1.46763       1.06630
    173     -10.11467      -0.43339       1.06630
    174      -1.22070       3.14819       1.06630
    175      -2.47330       4.92856       1.06630
    176       5.33833       9.66872       1.06630
    177      -0.42145       5.15461       1.06630
    178       2.01319      10.98644       1.06630
    179       4.37162      16.70400       1.06630
    180       0.58165      21.58526       1.06630
    181       6.81171      -9.79198       1.06630
    182       3.63818     -20.18599       1.06630
    183      -5.22941     -15.77108       1.06630
    184       0.14737     -13.53284       1.06630
    185       6.36199      -7.73223       1.06630
    186       6.59747     -17.27134       1.06630
    187       2.83469      -8.61834       1.06630
    188       6.88838       2.10095       1.06630
    189       1.71664      -2.55034       1.06630
    190      -6.15015       3.40677       1.06630
    191       0.41346       7.05432       1.06630
    192       2.95653       3.38285       1.06630
    193       3.74075       5.34953       1.06630
    194       1.23377       9.08900       1.06630
    195       8.49419       8.38955       1.06630
    196       3.28359       9.32890       1.06630
    197       6.36990      17.57150       1.06630
    198       3.14502      18.35593       1.06630
    199       2.14191     -14.10132       1.06630
    200       2.60195     -16.12322       1.06630
    201       8.12689     -15.86617       1.06630
    202      11.73575     -14.99341       1.06630
    203      13.90823     -11.41342       1.06630
    204      10.29843      -0.42800       1.06630
    205       7.67754     -13.84059       1.06630
    206       5.13413       3.41324       1.06630
    207      -0.03461      -4.01083       1.06630
    208      11.96495      -1.65076       1.06630
    209       8.33217      -1.24259       1.06630
    210       8.83994       2.86691       1.06630
    211      -4.61674       4.80408       1.06630
    212       9.94469       6.91265       1.06630
    213       1.68519       5.41205       1.06630
    214      -2.29826       1.37707       1.06630
    215       8.02995      10.39995       1.06630
    216       7.68938      15.98583       1.06630
    217       5.08920     -18.71379       1.06630
    218       2.98581     -18.15085       1.06630
    219      11.21988     -13.00989       1.06630
    220       4.36872      -7.10616       1.06630
    221       3.27313     -10.62123       1.06630
    222       5.90777      -5.72293       1.06630
    223       6.70370       0.01405       1.06630
    224       3.36558      -0.72399       1.06630
    225       2.45474       7.39178       1.06630
    226       7.16215       4.17687       1.06630
    227      -3.41394       3.09374       1.06630
    228      13.22912       4.42320       1.06630
    229      10.92284       3.72684       1.06630
    230       7.00919      13.54303       1.06630
    231       4.50670       7.34779       1.06630
    232      -0.34345      19.74836       1.06630
    233       1.96420      20.05692       1.06630
    234       6.47514       7.95484       1.06630
    235       7.25707     -11.80159       1.06630
    236      -0.28441     -11.50803       1.06630
    237      10.29763      -8.96259       1.06630
    238       9.22252     -12.43085       1.06630
    239       8.72385     -17.85594       1.06630
    240       5.77024       5.72106       1.06630
    241       2.84093       1.31253       1.06630
    242       2.38230      -6.60115       1.06630
    243      15.74968       9.55594       1.06630
    244      13.84667      -0.80922       1.06630
    245      13.75615       8.73052       1.06630
    246      12.56438      12.22457       1.06630
    247      19.30874      -2.22672       1.06630
    248       5.72584      15.15313       1.06630
    249      11.85017       7.75010       1.06630
    250      17.14142       6.41145       1.06630
    251      15.97347       0.22102       1.06630
    252       3.51388      14.82887       1.06630
    253       9.70215     -14.43131       1.06630
    254      10.27478     -16.43487       1.06630
    255      15.72346      -7.73534       1.06630
    256      13.26824     -13.39271       1.06630
    257       9.54733      -6.73381       1.06630
    258       8.32493      -8.38685       1.06630
    259      16.95022       4.21887       1.06630
    260      14.76632      -5.81017       1.06630
    261      14.44783      -9.42405       1.06630
    262      15.21353       5.34969       1.06630
    263       9.89870      -4.65390       1.06630
    264      10.55758       1.68612       1.06630
    265      13.50129       6.50287       1.06630
    266      14.17878      10.90876       1.06630
    267      10.92662      13.52901       1.06630
    268       8.72248      12.34782       1.06630
    269       4.06738      11.28599       1.06630
    270       9.04145      14.41415       1.06630
    271       1.04131     -19.66294       1.06630
    272       5.81157      -3.61080       1.06630
    273       8.80718     -10.39245       1.06630
    274      11.53817      -7.31373       1.06630
    275      16.72623       2.15204       1.06630
    276      13.64178      -2.91455       1.06630
    277      12.53940       2.46128       1.06630
    278      12.18759       0.40976       1.06630
    279       9.97127      -2.58674       1.06630
    280      15.64664      -1.80678       1.06630
    281       7.85167       6.41817       1.06630
    282      14.19937       1.25215       1.06630
    283      15.37255       7.46568       1.06630
    284      11.59682       5.69039       1.06630
    285      14.93595       3.25016       1.06630
    286      12.26231      10.13071       1.06630
    287      10.35551       9.31034       1.06630
    288       6.24638      11.56394       1.06630
    289      10.81315     -10.96207       1.06630
    290      15.93832     -10.89298       1.06630
    291      15.48833      -3.88418       1.06630
    292      12.72173      -5.53505       1.06630
    293      17.38025      -3.08506       1.06630
    294      12.35719      -9.49833       1.06630
    295      13.58282      -7.50232       1.06630
    296      17.62946      -1.00595       1.06630
    297      11.73594      -3.71816       1.06630
    298      18.62470       3.04344       1.06630
    299       8.61741       0.82144       1.06630
    300      16.85050      -5.82277       1.06630